0       8.68      0
1       8.68      30
2       8.68      60
3       8.68      90
4       8.68      120
5       8.68      150
6       8.68      180
7       8.68      210
8       8.68      240
9       8.68      270
10      8.68      300
11      8.68      330
12      11.92     0
13      11.92     17.16
14      11.92     34.32
15      11.92     51.48
16      11.92     68.64
17      11.92     85.8
18      11.92     102.96
19      11.92     120
20      11.92     137.16
21      11.92     154.32
22      11.92     171.48
23      11.92     188.64
24      11.92     205.8
25      11.92     222.96
26      11.92     240
27      11.92     257.16
28      11.92     274.32
29      11.92     291.48
30      11.92     308.64
31      11.92     325.8
32      11.92     342.96
33      15.11     0
34      15.11     13.35
35      15.11     26.7
36      15.11     40.05
37      15.11     53.4
38      15.11     66.75
39      15.11     80.1
40      15.11     93.45
41      15.11     106.8
42      15.11     120
43      15.11     133.35
44      15.11     146.7
45      15.11     160.05
46      15.11     173.4
47      15.11     186.75
48      15.11     200.1
49      15.11     213.45
50      15.11     226.8
51      15.11     240
52      15.11     253.35
53      15.11     266.7
54      15.11     280.05
55      15.11     293.4
56      15.11     306.75
57      15.11     320.1
58      15.11     333.45
59      15.11     346.8
60      18.27     0
61      18.27     10.9
62      18.27     21.8
63      18.27     32.7
64      18.27     43.6
65      18.27     54.5
66      18.27     65.4
67      18.27     76.3
68      18.27     87.2
69      18.27     98.1
70      18.27     109
71      18.27     120
72      18.27     130.9
73      18.27     141.8
74      18.27     152.7
75      18.27     163.6
76      18.27     174.5
77      18.27     185.4
78      18.27     196.3
79      18.27     207.2
80      18.27     218.1
81      18.27     229
82      18.27     240
83      18.27     250.9
84      18.27     261.8
85      18.27     272.7
86      18.27     283.6
87      18.27     294.5
88      18.27     305.4
89      18.27     316.3
90      18.27     327.2
91      18.27     338.1
92      18.27     349
93      21.43     0
94      21.43     9.24
95      21.43     18.48
96      21.43     27.72
97      21.43     36.96
98      21.43     46.2
99      21.43     55.44
100     21.43     64.68
101     21.43     73.92
102     21.43     83.16
103     21.43     92.4
104     21.43     101.64
105     21.43     110.88
106     21.43     120
107     21.43     129.24
108     21.43     138.48
109     21.43     147.72
110     21.43     156.96
111     21.43     166.2
112     21.43     175.44
113     21.43     184.68
114     21.43     193.92
115     21.43     203.16
116     21.43     212.4
117     21.43     221.64
118     21.43     230.88
119     21.43     240
120     21.43     249.24
121     21.43     258.48
122     21.43     267.72
123     21.43     276.96
124     21.43     286.2
125     21.43     295.44
126     21.43     304.68
127     21.43     313.92
128     21.43     323.16
129     21.43     332.4
130     21.43     341.64
131     21.43     350.88
132     24.57     0
133     24.57     8
134     24.57     16
135     24.57     24
136     24.57     32
137     24.57     40
138     24.57     48
139     24.57     56
140     24.57     64
141     24.57     72
142     24.57     80
143     24.57     88
144     24.57     96
145     24.57     104
146     24.57     112
147     24.57     120
148     24.57     128
149     24.57     136
150     24.57     144
151     24.57     152
152     24.57     160
153     24.57     168
154     24.57     176
155     24.57     184
156     24.57     192
157     24.57     200
158     24.57     208
159     24.57     216
160     24.57     224
161     24.57     232
162     24.57     240
163     24.57     248
164     24.57     256
165     24.57     264
166     24.57     272
167     24.57     280
168     24.57     288
169     24.57     296
170     24.57     304
171     24.57     312
172     24.57     320
173     24.57     328
174     24.57     336
175     24.57     344
176     24.57     352
177     27.71     0
178     27.71     7.05
179     27.71     14.1
180     27.71     21.15
181     27.71     28.2
182     27.71     35.25
183     27.71     42.3
184     27.71     49.35
185     27.71     56.4
186     27.71     63.45
187     27.71     70.5
188     27.71     77.55
189     27.71     84.6
190     27.71     91.65
191     27.71     98.7
192     27.71     105.75
193     27.71     112.8
194     27.71     120
195     27.71     127.05
196     27.71     134.1
197     27.71     141.15
198     27.71     148.2
199     27.71     155.25
200     27.71     162.3
201     27.71     169.35
202     27.71     176.4
203     27.71     183.45
204     27.71     190.5
205     27.71     197.55
206     27.71     204.6
207     27.71     211.65
208     27.71     218.7
209     27.71     225.75
210     27.71     232.8
211     27.71     240
212     27.71     247.05
213     27.71     254.1
214     27.71     261.15
215     27.71     268.2
216     27.71     275.25
217     27.71     282.3
218     27.71     289.35
219     27.71     296.4
220     27.71     303.45
221     27.71     310.5
222     27.71     317.55
223     27.71     324.6
224     27.71     331.65
225     27.71     338.7
226     27.71     345.75
227     27.71     352.8
228     30.84     0
229     30.84     6.31
230     30.84     12.62
231     30.84     18.93
232     30.84     25.24
233     30.84     31.55
234     30.84     37.86
235     30.84     44.17
236     30.84     50.48
237     30.84     56.79
238     30.84     63.1
239     30.84     69.41
240     30.84     75.72
241     30.84     82.03
242     30.84     88.34
243     30.84     94.65
244     30.84     100.96
245     30.84     107.27
246     30.84     113.58
247     30.84     120
248     30.84     126.31
249     30.84     132.62
250     30.84     138.93
251     30.84     145.24
252     30.84     151.55
253     30.84     157.86
254     30.84     164.17
255     30.84     170.48
256     30.84     176.79
257     30.84     183.1
258     30.84     189.41
259     30.84     195.72
260     30.84     202.03
261     30.84     208.34
262     30.84     214.65
263     30.84     220.96
264     30.84     227.27
265     30.84     233.58
266     30.84     240
267     30.84     246.31
268     30.84     252.62
269     30.84     258.93
270     30.84     265.24
271     30.84     271.55
272     30.84     277.86
273     30.84     284.17
274     30.84     290.48
275     30.84     296.79
276     30.84     303.1
277     30.84     309.41
278     30.84     315.72
279     30.84     322.03
280     30.84     328.34
281     30.84     334.65
282     30.84     340.96
283     30.84     347.27
284     30.84     353.58
285     33.97     0
286     33.97     6
287     33.97     12
288     33.97     18
289     33.97     24
290     33.97     30
291     33.97     36
292     33.97     42
293     33.97     48
294     33.97     54
295     33.97     60
296     33.97     66
297     33.97     72
298     33.97     78
299     33.97     84
300     33.97     90
301     33.97     96
302     33.97     102
303     33.97     108
304     33.97     114
305     33.97     120
306     33.97     126
307     33.97     132
308     33.97     138
309     33.97     144
310     33.97     150
311     33.97     156
312     33.97     162
313     33.97     168
314     33.97     174
315     33.97     180
316     33.97     186
317     33.97     192
318     33.97     198
319     33.97     204
320     33.97     210
321     33.97     216
322     33.97     222
323     33.97     228
324     33.97     234
325     33.97     240
326     33.97     246
327     33.97     252
328     33.97     258
329     33.97     264
330     33.97     270
331     33.97     276
332     33.97     282
333     33.97     288
334     33.97     294
335     33.97     300
336     33.97     306
337     33.97     312
338     33.97     318
339     33.97     324
340     33.97     330
341     33.97     336
342     33.97     342
343     33.97     348
344     33.97     354
345     37.1      0
346     37.1      5.45
347     37.1      10.9
348     37.1      16.35
349     37.1      21.8
350     37.1      27.25
351     37.1      32.7
352     37.1      38.15
353     37.1      43.6
354     37.1      49.05
355     37.1      54.5
356     37.1      59.95
357     37.1      65.4
358     37.1      70.85
359     37.1      76.3
360     37.1      81.75
361     37.1      87.2
362     37.1      92.65
363     37.1      98.1
364     37.1      103.55
365     37.1      109
366     37.1      114.45
367     37.1      120
368     37.1      125.45
369     37.1      130.9
370     37.1      136.35
371     37.1      141.8
372     37.1      147.25
373     37.1      152.7
374     37.1      158.15
375     37.1      163.6
376     37.1      169.05
377     37.1      174.5
378     37.1      179.95
379     37.1      185.4
380     37.1      190.85
381     37.1      196.3
382     37.1      201.75
383     37.1      207.2
384     37.1      212.65
385     37.1      218.1
386     37.1      223.55
387     37.1      229
388     37.1      234.45
389     37.1      240
390     37.1      245.45
391     37.1      250.9
392     37.1      256.35
393     37.1      261.8
394     37.1      267.25
395     37.1      272.7
396     37.1      278.15
397     37.1      283.6
398     37.1      289.05
399     37.1      294.5
400     37.1      299.95
401     37.1      305.4
402     37.1      310.85
403     37.1      316.3
404     37.1      321.75
405     37.1      327.2
406     37.1      332.65
407     37.1      338.1
408     37.1      343.55
409     37.1      349
410     37.1      354.45
411     40.22     0
412     40.22     5
413     40.22     10
414     40.22     15
415     40.22     20
416     40.22     25
417     40.22     30
418     40.22     35
419     40.22     40
420     40.22     45
421     40.22     50
422     40.22     55
423     40.22     60
424     40.22     65
425     40.22     70
426     40.22     75
427     40.22     80
428     40.22     85
429     40.22     90
430     40.22     95
431     40.22     100
432     40.22     105
433     40.22     110
434     40.22     115
435     40.22     120
436     40.22     125
437     40.22     130
438     40.22     135
439     40.22     140
440     40.22     145
441     40.22     150
442     40.22     155
443     40.22     160
444     40.22     165
445     40.22     170
446     40.22     175
447     40.22     180
448     40.22     185
449     40.22     190
450     40.22     195
451     40.22     200
452     40.22     205
453     40.22     210
454     40.22     215
455     40.22     220
456     40.22     225
457     40.22     230
458     40.22     235
459     40.22     240
460     40.22     245
461     40.22     250
462     40.22     255
463     40.22     260
464     40.22     265
465     40.22     270
466     40.22     275
467     40.22     280
468     40.22     285
469     40.22     290
470     40.22     295
471     40.22     300
472     40.22     305
473     40.22     310
474     40.22     315
475     40.22     320
476     40.22     325
477     40.22     330
478     40.22     335
479     40.22     340
480     40.22     345
481     40.22     350
482     40.22     355
483     43.34     0
484     43.34     4.8
485     43.34     9.6
486     43.34     14.4
487     43.34     19.2
488     43.34     24
489     43.34     28.8
490     43.34     33.6
491     43.34     38.4
492     43.34     43.2
493     43.34     48
494     43.34     52.8
495     43.34     57.6
496     43.34     62.4
497     43.34     67.2
498     43.34     72
499     43.34     76.8
500     43.34     81.6
501     43.34     86.4
502     43.34     91.2
503     43.34     96
504     43.34     100.8
505     43.34     105.6
506     43.34     110.4
507     43.34     115.2
508     43.34     120
509     43.34     124.8
510     43.34     129.6
511     43.34     134.4
512     43.34     139.2
513     43.34     144
514     43.34     148.8
515     43.34     153.6
516     43.34     158.4
517     43.34     163.2
518     43.34     168
519     43.34     172.8
520     43.34     177.6
521     43.34     182.4
522     43.34     187.2
523     43.34     192
524     43.34     196.8
525     43.34     201.6
526     43.34     206.4
527     43.34     211.2
528     43.34     216
529     43.34     220.8
530     43.34     225.6
531     43.34     230.4
532     43.34     235.2
533     43.34     240
534     43.34     244.8
535     43.34     249.6
536     43.34     254.4
537     43.34     259.2
538     43.34     264
539     43.34     268.8
540     43.34     273.6
541     43.34     278.4
542     43.34     283.2
543     43.34     288
544     43.34     292.8
545     43.34     297.6
546     43.34     302.4
547     43.34     307.2
548     43.34     312
549     43.34     316.8
550     43.34     321.6
551     43.34     326.4
552     43.34     331.2
553     43.34     336
554     43.34     340.8
555     43.34     345.6
556     43.34     350.4
557     43.34     355.2
558     46.46     0
559     46.46     4.44
560     46.46     8.88
561     46.46     13.32
562     46.46     17.76
563     46.46     22.2
564     46.46     26.64
565     46.46     31.08
566     46.46     35.52
567     46.46     39.96
568     46.46     44.4
569     46.46     48.84
570     46.46     53.28
571     46.46     57.72
572     46.46     62.16
573     46.46     66.6
574     46.46     71.04
575     46.46     75.48
576     46.46     79.92
577     46.46     84.36
578     46.46     88.8
579     46.46     93.24
580     46.46     97.68
581     46.46     102.12
582     46.46     106.56
583     46.46     111
584     46.46     115.44
585     46.46     120
586     46.46     124.44
587     46.46     128.88
588     46.46     133.32
589     46.46     137.76
590     46.46     142.2
591     46.46     146.64
592     46.46     151.08
593     46.46     155.52
594     46.46     159.96
595     46.46     164.4
596     46.46     168.84
597     46.46     173.28
598     46.46     177.72
599     46.46     182.16
600     46.46     186.6
601     46.46     191.04
602     46.46     195.48
603     46.46     199.92
604     46.46     204.36
605     46.46     208.8
606     46.46     213.24
607     46.46     217.68
608     46.46     222.12
609     46.46     226.56
610     46.46     231
611     46.46     235.44
612     46.46     240
613     46.46     244.44
614     46.46     248.88
615     46.46     253.32
616     46.46     257.76
617     46.46     262.2
618     46.46     266.64
619     46.46     271.08
620     46.46     275.52
621     46.46     279.96
622     46.46     284.4
623     46.46     288.84
624     46.46     293.28
625     46.46     297.72
626     46.46     302.16
627     46.46     306.6
628     46.46     311.04
629     46.46     315.48
630     46.46     319.92
631     46.46     324.36
632     46.46     328.8
633     46.46     333.24
634     46.46     337.68
635     46.46     342.12
636     46.46     346.56
637     46.46     351
638     46.46     355.44
639     49.57     0
640     49.57     4.28
641     49.57     8.56
642     49.57     12.84
643     49.57     17.12
644     49.57     21.4
645     49.57     25.68
646     49.57     29.96
647     49.57     34.24
648     49.57     38.52
649     49.57     42.8
650     49.57     47.08
651     49.57     51.36
652     49.57     55.64
653     49.57     59.92
654     49.57     64.2
655     49.57     68.48
656     49.57     72.76
657     49.57     77.04
658     49.57     81.32
659     49.57     85.6
660     49.57     89.88
661     49.57     94.16
662     49.57     98.44
663     49.57     102.72
664     49.57     107
665     49.57     111.28
666     49.57     115.56
667     49.57     120
668     49.57     124.28
669     49.57     128.56
670     49.57     132.84
671     49.57     137.12
672     49.57     141.4
673     49.57     145.68
674     49.57     149.96
675     49.57     154.24
676     49.57     158.52
677     49.57     162.8
678     49.57     167.08
679     49.57     171.36
680     49.57     175.64
681     49.57     179.92
682     49.57     184.2
683     49.57     188.48
684     49.57     192.76
685     49.57     197.04
686     49.57     201.32
687     49.57     205.6
688     49.57     209.88
689     49.57     214.16
690     49.57     218.44
691     49.57     222.72
692     49.57     227
693     49.57     231.28
694     49.57     235.56
695     49.57     240
696     49.57     244.28
697     49.57     248.56
698     49.57     252.84
699     49.57     257.12
700     49.57     261.4
701     49.57     265.68
702     49.57     269.96
703     49.57     274.24
704     49.57     278.52
705     49.57     282.8
706     49.57     287.08
707     49.57     291.36
708     49.57     295.64
709     49.57     299.92
710     49.57     304.2
711     49.57     308.48
712     49.57     312.76
713     49.57     317.04
714     49.57     321.32
715     49.57     325.6
716     49.57     329.88
717     49.57     334.16
718     49.57     338.44
719     49.57     342.72
720     49.57     347
721     49.57     351.28
722     49.57     355.56
723     52.68     0
724     52.68     4
725     52.68     8
726     52.68     12
727     52.68     16
728     52.68     20
729     52.68     24
730     52.68     28
731     52.68     32
732     52.68     36
733     52.68     40
734     52.68     44
735     52.68     48
736     52.68     52
737     52.68     56
738     52.68     60
739     52.68     64
740     52.68     68
741     52.68     72
742     52.68     76
743     52.68     80
744     52.68     84
745     52.68     88
746     52.68     92
747     52.68     96
748     52.68     100
749     52.68     104
750     52.68     108
751     52.68     112
752     52.68     116
753     52.68     120
754     52.68     124
755     52.68     128
756     52.68     132
757     52.68     136
758     52.68     140
759     52.68     144
760     52.68     148
761     52.68     152
762     52.68     156
763     52.68     160
764     52.68     164
765     52.68     168
766     52.68     172
767     52.68     176
768     52.68     180
769     52.68     184
770     52.68     188
771     52.68     192
772     52.68     196
773     52.68     200
774     52.68     204
775     52.68     208
776     52.68     212
777     52.68     216
778     52.68     220
779     52.68     224
780     52.68     228
781     52.68     232
782     52.68     236
783     52.68     240
784     52.68     244
785     52.68     248
786     52.68     252
787     52.68     256
788     52.68     260
789     52.68     264
790     52.68     268
791     52.68     272
792     52.68     276
793     52.68     280
794     52.68     284
795     52.68     288
796     52.68     292
797     52.68     296
798     52.68     300
799     52.68     304
800     52.68     308
801     52.68     312
802     52.68     316
803     52.68     320
804     52.68     324
805     52.68     328
806     52.68     332
807     52.68     336
808     52.68     340
809     52.68     344
810     52.68     348
811     52.68     352
812     52.68     356
813     55.79     0
814     55.79     3.87
815     55.79     7.74
816     55.79     11.61
817     55.79     15.48
818     55.79     19.35
819     55.79     23.22
820     55.79     27.09
821     55.79     30.96
822     55.79     34.83
823     55.79     38.7
824     55.79     42.57
825     55.79     46.44
826     55.79     50.31
827     55.79     54.18
828     55.79     58.05
829     55.79     61.92
830     55.79     65.79
831     55.79     69.66
832     55.79     73.53
833     55.79     77.4
834     55.79     81.27
835     55.79     85.14
836     55.79     89.01
837     55.79     92.88
838     55.79     96.75
839     55.79     100.62
840     55.79     104.49
841     55.79     108.36
842     55.79     112.23
843     55.79     116.1
844     55.79     120
845     55.79     123.87
846     55.79     127.74
847     55.79     131.61
848     55.79     135.48
849     55.79     139.35
850     55.79     143.22
851     55.79     147.09
852     55.79     150.96
853     55.79     154.83
854     55.79     158.7
855     55.79     162.57
856     55.79     166.44
857     55.79     170.31
858     55.79     174.18
859     55.79     178.05
860     55.79     181.92
861     55.79     185.79
862     55.79     189.66
863     55.79     193.53
864     55.79     197.4
865     55.79     201.27
866     55.79     205.14
867     55.79     209.01
868     55.79     212.88
869     55.79     216.75
870     55.79     220.62
871     55.79     224.49
872     55.79     228.36
873     55.79     232.23
874     55.79     236.1
875     55.79     240
876     55.79     243.87
877     55.79     247.74
878     55.79     251.61
879     55.79     255.48
880     55.79     259.35
881     55.79     263.22
882     55.79     267.09
883     55.79     270.96
884     55.79     274.83
885     55.79     278.7
886     55.79     282.57
887     55.79     286.44
888     55.79     290.31
889     55.79     294.18
890     55.79     298.05
891     55.79     301.92
892     55.79     305.79
893     55.79     309.66
894     55.79     313.53
895     55.79     317.4
896     55.79     321.27
897     55.79     325.14
898     55.79     329.01
899     55.79     332.88
900     55.79     336.75
901     55.79     340.62
902     55.79     344.49
903     55.79     348.36
904     55.79     352.23
905     55.79     356.1
906     58.9      0
907     58.9      3.75
908     58.9      7.5
909     58.9      11.25
910     58.9      15
911     58.9      18.75
912     58.9      22.5
913     58.9      26.25
914     58.9      30
915     58.9      33.75
916     58.9      37.5
917     58.9      41.25
918     58.9      45
919     58.9      48.75
920     58.9      52.5
921     58.9      56.25
922     58.9      60
923     58.9      63.75
924     58.9      67.5
925     58.9      71.25
926     58.9      75
927     58.9      78.75
928     58.9      82.5
929     58.9      86.25
930     58.9      90
931     58.9      93.75
932     58.9      97.5
933     58.9      101.25
934     58.9      105
935     58.9      108.75
936     58.9      112.5
937     58.9      116.25
938     58.9      120
939     58.9      123.75
940     58.9      127.5
941     58.9      131.25
942     58.9      135
943     58.9      138.75
944     58.9      142.5
945     58.9      146.25
946     58.9      150
947     58.9      153.75
948     58.9      157.5
949     58.9      161.25
950     58.9      165
951     58.9      168.75
952     58.9      172.5
953     58.9      176.25
954     58.9      180
955     58.9      183.75
956     58.9      187.5
957     58.9      191.25
958     58.9      195
959     58.9      198.75
960     58.9      202.5
961     58.9      206.25
962     58.9      210
963     58.9      213.75
964     58.9      217.5
965     58.9      221.25
966     58.9      225
967     58.9      228.75
968     58.9      232.5
969     58.9      236.25
970     58.9      240
971     58.9      243.75
972     58.9      247.5
973     58.9      251.25
974     58.9      255
975     58.9      258.75
976     58.9      262.5
977     58.9      266.25
978     58.9      270
979     58.9      273.75
980     58.9      277.5
981     58.9      281.25
982     58.9      285
983     58.9      288.75
984     58.9      292.5
985     58.9      296.25
986     58.9      300
987     58.9      303.75
988     58.9      307.5
989     58.9      311.25
990     58.9      315
991     58.9      318.75
992     58.9      322.5
993     58.9      326.25
994     58.9      330
995     58.9      333.75
996     58.9      337.5
997     58.9      341.25
998     58.9      345
999     58.9      348.75
1000    58.9      352.5
1001    58.9      356.25
1002    62.01     0
1003    62.01     3.63
1004    62.01     7.26
1005    62.01     10.89
1006    62.01     14.52
1007    62.01     18.15
1008    62.01     21.78
1009    62.01     25.41
1010    62.01     29.04
1011    62.01     32.67
1012    62.01     36.3
1013    62.01     39.93
1014    62.01     43.56
1015    62.01     47.19
1016    62.01     50.82
1017    62.01     54.45
1018    62.01     58.08
1019    62.01     61.71
1020    62.01     65.34
1021    62.01     68.97
1022    62.01     72.6
1023    62.01     76.23
1024    62.01     79.86
1025    62.01     83.49
1026    62.01     87.12
1027    62.01     90.75
1028    62.01     94.38
1029    62.01     98.01
1030    62.01     101.64
1031    62.01     105.27
1032    62.01     108.9
1033    62.01     112.53
1034    62.01     116.16
1035    62.01     120
1036    62.01     123.63
1037    62.01     127.26
1038    62.01     130.89
1039    62.01     134.52
1040    62.01     138.15
1041    62.01     141.78
1042    62.01     145.41
1043    62.01     149.04
1044    62.01     152.67
1045    62.01     156.3
1046    62.01     159.93
1047    62.01     163.56
1048    62.01     167.19
1049    62.01     170.82
1050    62.01     174.45
1051    62.01     178.08
1052    62.01     181.71
1053    62.01     185.34
1054    62.01     188.97
1055    62.01     192.6
1056    62.01     196.23
1057    62.01     199.86
1058    62.01     203.49
1059    62.01     207.12
1060    62.01     210.75
1061    62.01     214.38
1062    62.01     218.01
1063    62.01     221.64
1064    62.01     225.27
1065    62.01     228.9
1066    62.01     232.53
1067    62.01     236.16
1068    62.01     240
1069    62.01     243.63
1070    62.01     247.26
1071    62.01     250.89
1072    62.01     254.52
1073    62.01     258.15
1074    62.01     261.78
1075    62.01     265.41
1076    62.01     269.04
1077    62.01     272.67
1078    62.01     276.3
1079    62.01     279.93
1080    62.01     283.56
1081    62.01     287.19
1082    62.01     290.82
1083    62.01     294.45
1084    62.01     298.08
1085    62.01     301.71
1086    62.01     305.34
1087    62.01     308.97
1088    62.01     312.6
1089    62.01     316.23
1090    62.01     319.86
1091    62.01     323.49
1092    62.01     327.12
1093    62.01     330.75
1094    62.01     334.38
1095    62.01     338.01
1096    62.01     341.64
1097    62.01     345.27
1098    62.01     348.9
1099    62.01     352.53
1100    62.01     356.16
1101    65.12     0
1102    65.12     3.53
1103    65.12     7.06
1104    65.12     10.59
1105    65.12     14.12
1106    65.12     17.65
1107    65.12     21.18
1108    65.12     24.71
1109    65.12     28.24
1110    65.12     31.77
1111    65.12     35.3
1112    65.12     38.83
1113    65.12     42.36
1114    65.12     45.89
1115    65.12     49.42
1116    65.12     52.95
1117    65.12     56.48
1118    65.12     60.01
1119    65.12     63.54
1120    65.12     67.07
1121    65.12     70.6
1122    65.12     74.13
1123    65.12     77.66
1124    65.12     81.19
1125    65.12     84.72
1126    65.12     88.25
1127    65.12     91.78
1128    65.12     95.31
1129    65.12     98.84
1130    65.12     102.37
1131    65.12     105.9
1132    65.12     109.43
1133    65.12     112.96
1134    65.12     116.49
1135    65.12     120
1136    65.12     123.53
1137    65.12     127.06
1138    65.12     130.59
1139    65.12     134.12
1140    65.12     137.65
1141    65.12     141.18
1142    65.12     144.71
1143    65.12     148.24
1144    65.12     151.77
1145    65.12     155.3
1146    65.12     158.83
1147    65.12     162.36
1148    65.12     165.89
1149    65.12     169.42
1150    65.12     172.95
1151    65.12     176.48
1152    65.12     180.01
1153    65.12     183.54
1154    65.12     187.07
1155    65.12     190.6
1156    65.12     194.13
1157    65.12     197.66
1158    65.12     201.19
1159    65.12     204.72
1160    65.12     208.25
1161    65.12     211.78
1162    65.12     215.31
1163    65.12     218.84
1164    65.12     222.37
1165    65.12     225.9
1166    65.12     229.43
1167    65.12     232.96
1168    65.12     236.49
1169    65.12     240
1170    65.12     243.53
1171    65.12     247.06
1172    65.12     250.59
1173    65.12     254.12
1174    65.12     257.65
1175    65.12     261.18
1176    65.12     264.71
1177    65.12     268.24
1178    65.12     271.77
1179    65.12     275.3
1180    65.12     278.83
1181    65.12     282.36
1182    65.12     285.89
1183    65.12     289.42
1184    65.12     292.95
1185    65.12     296.48
1186    65.12     300.01
1187    65.12     303.54
1188    65.12     307.07
1189    65.12     310.6
1190    65.12     314.13
1191    65.12     317.66
1192    65.12     321.19
1193    65.12     324.72
1194    65.12     328.25
1195    65.12     331.78
1196    65.12     335.31
1197    65.12     338.84
1198    65.12     342.37
1199    65.12     345.9
1200    65.12     349.43
1201    65.12     352.96
1202    65.12     356.49
1203    68.23     0
1204    68.23     3.43
1205    68.23     6.86
1206    68.23     10.29
1207    68.23     13.72
1208    68.23     17.15
1209    68.23     20.58
1210    68.23     24.01
1211    68.23     27.44
1212    68.23     30.87
1213    68.23     34.3
1214    68.23     37.73
1215    68.23     41.16
1216    68.23     44.59
1217    68.23     48.02
1218    68.23     51.45
1219    68.23     54.88
1220    68.23     58.31
1221    68.23     61.74
1222    68.23     65.17
1223    68.23     68.6
1224    68.23     72.03
1225    68.23     75.46
1226    68.23     78.89
1227    68.23     82.32
1228    68.23     85.75
1229    68.23     89.18
1230    68.23     92.61
1231    68.23     96.04
1232    68.23     99.47
1233    68.23     102.9
1234    68.23     106.33
1235    68.23     109.76
1236    68.23     113.19
1237    68.23     116.62
1238    68.23     120
1239    68.23     123.43
1240    68.23     126.86
1241    68.23     130.29
1242    68.23     133.72
1243    68.23     137.15
1244    68.23     140.58
1245    68.23     144.01
1246    68.23     147.44
1247    68.23     150.87
1248    68.23     154.3
1249    68.23     157.73
1250    68.23     161.16
1251    68.23     164.59
1252    68.23     168.02
1253    68.23     171.45
1254    68.23     174.88
1255    68.23     178.31
1256    68.23     181.74
1257    68.23     185.17
1258    68.23     188.6
1259    68.23     192.03
1260    68.23     195.46
1261    68.23     198.89
1262    68.23     202.32
1263    68.23     205.75
1264    68.23     209.18
1265    68.23     212.61
1266    68.23     216.04
1267    68.23     219.47
1268    68.23     222.9
1269    68.23     226.33
1270    68.23     229.76
1271    68.23     233.19
1272    68.23     236.62
1273    68.23     240
1274    68.23     243.43
1275    68.23     246.86
1276    68.23     250.29
1277    68.23     253.72
1278    68.23     257.15
1279    68.23     260.58
1280    68.23     264.01
1281    68.23     267.44
1282    68.23     270.87
1283    68.23     274.3
1284    68.23     277.73
1285    68.23     281.16
1286    68.23     284.59
1287    68.23     288.02
1288    68.23     291.45
1289    68.23     294.88
1290    68.23     298.31
1291    68.23     301.74
1292    68.23     305.17
1293    68.23     308.6
1294    68.23     312.03
1295    68.23     315.46
1296    68.23     318.89
1297    68.23     322.32
1298    68.23     325.75
1299    68.23     329.18
1300    68.23     332.61
1301    68.23     336.04
1302    68.23     339.47
1303    68.23     342.9
1304    68.23     346.33
1305    68.23     349.76
1306    68.23     353.19
1307    68.23     356.62
1308    71.34     0
1309    71.34     3.33
1310    71.34     6.66
1311    71.34     9.99
1312    71.34     13.32
1313    71.34     16.65
1314    71.34     19.98
1315    71.34     23.31
1316    71.34     26.64
1317    71.34     29.97
1318    71.34     33.3
1319    71.34     36.63
1320    71.34     39.96
1321    71.34     43.29
1322    71.34     46.62
1323    71.34     49.95
1324    71.34     53.28
1325    71.34     56.61
1326    71.34     59.94
1327    71.34     63.27
1328    71.34     66.6
1329    71.34     69.93
1330    71.34     73.26
1331    71.34     76.59
1332    71.34     79.92
1333    71.34     83.25
1334    71.34     86.58
1335    71.34     89.91
1336    71.34     93.24
1337    71.34     96.57
1338    71.34     99.9
1339    71.34     103.23
1340    71.34     106.56
1341    71.34     109.89
1342    71.34     113.22
1343    71.34     116.55
1344    71.34     120
1345    71.34     123.33
1346    71.34     126.66
1347    71.34     129.99
1348    71.34     133.32
1349    71.34     136.65
1350    71.34     139.98
1351    71.34     143.31
1352    71.34     146.64
1353    71.34     149.97
1354    71.34     153.3
1355    71.34     156.63
1356    71.34     159.96
1357    71.34     163.29
1358    71.34     166.62
1359    71.34     169.95
1360    71.34     173.28
1361    71.34     176.61
1362    71.34     179.94
1363    71.34     183.27
1364    71.34     186.6
1365    71.34     189.93
1366    71.34     193.26
1367    71.34     196.59
1368    71.34     199.92
1369    71.34     203.25
1370    71.34     206.58
1371    71.34     209.91
1372    71.34     213.24
1373    71.34     216.57
1374    71.34     219.9
1375    71.34     223.23
1376    71.34     226.56
1377    71.34     229.89
1378    71.34     233.22
1379    71.34     236.55
1380    71.34     240
1381    71.34     243.33
1382    71.34     246.66
1383    71.34     249.99
1384    71.34     253.32
1385    71.34     256.65
1386    71.34     259.98
1387    71.34     263.31
1388    71.34     266.64
1389    71.34     269.97
1390    71.34     273.3
1391    71.34     276.63
1392    71.34     279.96
1393    71.34     283.29
1394    71.34     286.62
1395    71.34     289.95
1396    71.34     293.28
1397    71.34     296.61
1398    71.34     299.94
1399    71.34     303.27
1400    71.34     306.6
1401    71.34     309.93
1402    71.34     313.26
1403    71.34     316.59
1404    71.34     319.92
1405    71.34     323.25
1406    71.34     326.58
1407    71.34     329.91
1408    71.34     333.24
1409    71.34     336.57
1410    71.34     339.9
1411    71.34     343.23
1412    71.34     346.56
1413    71.34     349.89
1414    71.34     353.22
1415    71.34     356.55
1416    74.45     0
1417    74.45     3.24
1418    74.45     6.48
1419    74.45     9.72
1420    74.45     12.96
1421    74.45     16.2
1422    74.45     19.44
1423    74.45     22.68
1424    74.45     25.92
1425    74.45     29.16
1426    74.45     32.4
1427    74.45     35.64
1428    74.45     38.88
1429    74.45     42.12
1430    74.45     45.36
1431    74.45     48.6
1432    74.45     51.84
1433    74.45     55.08
1434    74.45     58.32
1435    74.45     61.56
1436    74.45     64.8
1437    74.45     68.04
1438    74.45     71.28
1439    74.45     74.52
1440    74.45     77.76
1441    74.45     81
1442    74.45     84.24
1443    74.45     87.48
1444    74.45     90.72
1445    74.45     93.96
1446    74.45     97.2
1447    74.45     100.44
1448    74.45     103.68
1449    74.45     106.92
1450    74.45     110.16
1451    74.45     113.4
1452    74.45     116.64
1453    74.45     120
1454    74.45     123.24
1455    74.45     126.48
1456    74.45     129.72
1457    74.45     132.96
1458    74.45     136.2
1459    74.45     139.44
1460    74.45     142.68
1461    74.45     145.92
1462    74.45     149.16
1463    74.45     152.4
1464    74.45     155.64
1465    74.45     158.88
1466    74.45     162.12
1467    74.45     165.36
1468    74.45     168.6
1469    74.45     171.84
1470    74.45     175.08
1471    74.45     178.32
1472    74.45     181.56
1473    74.45     184.8
1474    74.45     188.04
1475    74.45     191.28
1476    74.45     194.52
1477    74.45     197.76
1478    74.45     201
1479    74.45     204.24
1480    74.45     207.48
1481    74.45     210.72
1482    74.45     213.96
1483    74.45     217.2
1484    74.45     220.44
1485    74.45     223.68
1486    74.45     226.92
1487    74.45     230.16
1488    74.45     233.4
1489    74.45     236.64
1490    74.45     240
1491    74.45     243.24
1492    74.45     246.48
1493    74.45     249.72
1494    74.45     252.96
1495    74.45     256.2
1496    74.45     259.44
1497    74.45     262.68
1498    74.45     265.92
1499    74.45     269.16
1500    74.45     272.4
1501    74.45     275.64
1502    74.45     278.88
1503    74.45     282.12
1504    74.45     285.36
1505    74.45     288.6
1506    74.45     291.84
1507    74.45     295.08
1508    74.45     298.32
1509    74.45     301.56
1510    74.45     304.8
1511    74.45     308.04
1512    74.45     311.28
1513    74.45     314.52
1514    74.45     317.76
1515    74.45     321
1516    74.45     324.24
1517    74.45     327.48
1518    74.45     330.72
1519    74.45     333.96
1520    74.45     337.2
1521    74.45     340.44
1522    74.45     343.68
1523    74.45     346.92
1524    74.45     350.16
1525    74.45     353.4
1526    74.45     356.64
1527    77.56     0
1528    77.56     3.24
1529    77.56     6.48
1530    77.56     9.72
1531    77.56     12.96
1532    77.56     16.2
1533    77.56     19.44
1534    77.56     22.68
1535    77.56     25.92
1536    77.56     29.16
1537    77.56     32.4
1538    77.56     35.64
1539    77.56     38.88
1540    77.56     42.12
1541    77.56     45.36
1542    77.56     48.6
1543    77.56     51.84
1544    77.56     55.08
1545    77.56     58.32
1546    77.56     61.56
1547    77.56     64.8
1548    77.56     68.04
1549    77.56     71.28
1550    77.56     74.52
1551    77.56     77.76
1552    77.56     81
1553    77.56     84.24
1554    77.56     87.48
1555    77.56     90.72
1556    77.56     93.96
1557    77.56     97.2
1558    77.56     100.44
1559    77.56     103.68
1560    77.56     106.92
1561    77.56     110.16
1562    77.56     113.4
1563    77.56     116.64
1564    77.56     120
1565    77.56     123.24
1566    77.56     126.48
1567    77.56     129.72
1568    77.56     132.96
1569    77.56     136.2
1570    77.56     139.44
1571    77.56     142.68
1572    77.56     145.92
1573    77.56     149.16
1574    77.56     152.4
1575    77.56     155.64
1576    77.56     158.88
1577    77.56     162.12
1578    77.56     165.36
1579    77.56     168.6
1580    77.56     171.84
1581    77.56     175.08
1582    77.56     178.32
1583    77.56     181.56
1584    77.56     184.8
1585    77.56     188.04
1586    77.56     191.28
1587    77.56     194.52
1588    77.56     197.76
1589    77.56     201
1590    77.56     204.24
1591    77.56     207.48
1592    77.56     210.72
1593    77.56     213.96
1594    77.56     217.2
1595    77.56     220.44
1596    77.56     223.68
1597    77.56     226.92
1598    77.56     230.16
1599    77.56     233.4
1600    77.56     236.64
1601    77.56     240
1602    77.56     243.24
1603    77.56     246.48
1604    77.56     249.72
1605    77.56     252.96
1606    77.56     256.2
1607    77.56     259.44
1608    77.56     262.68
1609    77.56     265.92
1610    77.56     269.16
1611    77.56     272.4
1612    77.56     275.64
1613    77.56     278.88
1614    77.56     282.12
1615    77.56     285.36
1616    77.56     288.6
1617    77.56     291.84
1618    77.56     295.08
1619    77.56     298.32
1620    77.56     301.56
1621    77.56     304.8
1622    77.56     308.04
1623    77.56     311.28
1624    77.56     314.52
1625    77.56     317.76
1626    77.56     321
1627    77.56     324.24
1628    77.56     327.48
1629    77.56     330.72
1630    77.56     333.96
1631    77.56     337.2
1632    77.56     340.44
1633    77.56     343.68
1634    77.56     346.92
1635    77.56     350.16
1636    77.56     353.4
1637    77.56     356.64
1638    80.67     0
1639    80.67     3.15
1640    80.67     6.3
1641    80.67     9.45
1642    80.67     12.6
1643    80.67     15.75
1644    80.67     18.9
1645    80.67     22.05
1646    80.67     25.2
1647    80.67     28.35
1648    80.67     31.5
1649    80.67     34.65
1650    80.67     37.8
1651    80.67     40.95
1652    80.67     44.1
1653    80.67     47.25
1654    80.67     50.4
1655    80.67     53.55
1656    80.67     56.7
1657    80.67     59.85
1658    80.67     63
1659    80.67     66.15
1660    80.67     69.3
1661    80.67     72.45
1662    80.67     75.6
1663    80.67     78.75
1664    80.67     81.9
1665    80.67     85.05
1666    80.67     88.2
1667    80.67     91.35
1668    80.67     94.5
1669    80.67     97.65
1670    80.67     100.8
1671    80.67     103.95
1672    80.67     107.1
1673    80.67     110.25
1674    80.67     113.4
1675    80.67     116.55
1676    80.67     120
1677    80.67     123.15
1678    80.67     126.3
1679    80.67     129.45
1680    80.67     132.6
1681    80.67     135.75
1682    80.67     138.9
1683    80.67     142.05
1684    80.67     145.2
1685    80.67     148.35
1686    80.67     151.5
1687    80.67     154.65
1688    80.67     157.8
1689    80.67     160.95
1690    80.67     164.1
1691    80.67     167.25
1692    80.67     170.4
1693    80.67     173.55
1694    80.67     176.7
1695    80.67     179.85
1696    80.67     183
1697    80.67     186.15
1698    80.67     189.3
1699    80.67     192.45
1700    80.67     195.6
1701    80.67     198.75
1702    80.67     201.9
1703    80.67     205.05
1704    80.67     208.2
1705    80.67     211.35
1706    80.67     214.5
1707    80.67     217.65
1708    80.67     220.8
1709    80.67     223.95
1710    80.67     227.1
1711    80.67     230.25
1712    80.67     233.4
1713    80.67     236.55
1714    80.67     240
1715    80.67     243.15
1716    80.67     246.3
1717    80.67     249.45
1718    80.67     252.6
1719    80.67     255.75
1720    80.67     258.9
1721    80.67     262.05
1722    80.67     265.2
1723    80.67     268.35
1724    80.67     271.5
1725    80.67     274.65
1726    80.67     277.8
1727    80.67     280.95
1728    80.67     284.1
1729    80.67     287.25
1730    80.67     290.4
1731    80.67     293.55
1732    80.67     296.7
1733    80.67     299.85
1734    80.67     303
1735    80.67     306.15
1736    80.67     309.3
1737    80.67     312.45
1738    80.67     315.6
1739    80.67     318.75
1740    80.67     321.9
1741    80.67     325.05
1742    80.67     328.2
1743    80.67     331.35
1744    80.67     334.5
1745    80.67     337.65
1746    80.67     340.8
1747    80.67     343.95
1748    80.67     347.1
1749    80.67     350.25
1750    80.67     353.4
1751    80.67     356.55
1752    83.78     0
1753    83.78     3.15
1754    83.78     6.3
1755    83.78     9.45
1756    83.78     12.6
1757    83.78     15.75
1758    83.78     18.9
1759    83.78     22.05
1760    83.78     25.2
1761    83.78     28.35
1762    83.78     31.5
1763    83.78     34.65
1764    83.78     37.8
1765    83.78     40.95
1766    83.78     44.1
1767    83.78     47.25
1768    83.78     50.4
1769    83.78     53.55
1770    83.78     56.7
1771    83.78     59.85
1772    83.78     63
1773    83.78     66.15
1774    83.78     69.3
1775    83.78     72.45
1776    83.78     75.6
1777    83.78     78.75
1778    83.78     81.9
1779    83.78     85.05
1780    83.78     88.2
1781    83.78     91.35
1782    83.78     94.5
1783    83.78     97.65
1784    83.78     100.8
1785    83.78     103.95
1786    83.78     107.1
1787    83.78     110.25
1788    83.78     113.4
1789    83.78     116.55
1790    83.78     120
1791    83.78     123.15
1792    83.78     126.3
1793    83.78     129.45
1794    83.78     132.6
1795    83.78     135.75
1796    83.78     138.9
1797    83.78     142.05
1798    83.78     145.2
1799    83.78     148.35
1800    83.78     151.5
1801    83.78     154.65
1802    83.78     157.8
1803    83.78     160.95
1804    83.78     164.1
1805    83.78     167.25
1806    83.78     170.4
1807    83.78     173.55
1808    83.78     176.7
1809    83.78     179.85
1810    83.78     183
1811    83.78     186.15
1812    83.78     189.3
1813    83.78     192.45
1814    83.78     195.6
1815    83.78     198.75
1816    83.78     201.9
1817    83.78     205.05
1818    83.78     208.2
1819    83.78     211.35
1820    83.78     214.5
1821    83.78     217.65
1822    83.78     220.8
1823    83.78     223.95
1824    83.78     227.1
1825    83.78     230.25
1826    83.78     233.4
1827    83.78     236.55
1828    83.78     240
1829    83.78     243.15
1830    83.78     246.3
1831    83.78     249.45
1832    83.78     252.6
1833    83.78     255.75
1834    83.78     258.9
1835    83.78     262.05
1836    83.78     265.2
1837    83.78     268.35
1838    83.78     271.5
1839    83.78     274.65
1840    83.78     277.8
1841    83.78     280.95
1842    83.78     284.1
1843    83.78     287.25
1844    83.78     290.4
1845    83.78     293.55
1846    83.78     296.7
1847    83.78     299.85
1848    83.78     303
1849    83.78     306.15
1850    83.78     309.3
1851    83.78     312.45
1852    83.78     315.6
1853    83.78     318.75
1854    83.78     321.9
1855    83.78     325.05
1856    83.78     328.2
1857    83.78     331.35
1858    83.78     334.5
1859    83.78     337.65
1860    83.78     340.8
1861    83.78     343.95
1862    83.78     347.1
1863    83.78     350.25
1864    83.78     353.4
1865    83.78     356.55
1866    86.89     0
1867    86.89     3.15
1868    86.89     6.3
1869    86.89     9.45
1870    86.89     12.6
1871    86.89     15.75
1872    86.89     18.9
1873    86.89     22.05
1874    86.89     25.2
1875    86.89     28.35
1876    86.89     31.5
1877    86.89     34.65
1878    86.89     37.8
1879    86.89     40.95
1880    86.89     44.1
1881    86.89     47.25
1882    86.89     50.4
1883    86.89     53.55
1884    86.89     56.7
1885    86.89     59.85
1886    86.89     63
1887    86.89     66.15
1888    86.89     69.3
1889    86.89     72.45
1890    86.89     75.6
1891    86.89     78.75
1892    86.89     81.9
1893    86.89     85.05
1894    86.89     88.2
1895    86.89     91.35
1896    86.89     94.5
1897    86.89     97.65
1898    86.89     100.8
1899    86.89     103.95
1900    86.89     107.1
1901    86.89     110.25
1902    86.89     113.4
1903    86.89     116.55
1904    86.89     120
1905    86.89     123.15
1906    86.89     126.3
1907    86.89     129.45
1908    86.89     132.6
1909    86.89     135.75
1910    86.89     138.9
1911    86.89     142.05
1912    86.89     145.2
1913    86.89     148.35
1914    86.89     151.5
1915    86.89     154.65
1916    86.89     157.8
1917    86.89     160.95
1918    86.89     164.1
1919    86.89     167.25
1920    86.89     170.4
1921    86.89     173.55
1922    86.89     176.7
1923    86.89     179.85
1924    86.89     183
1925    86.89     186.15
1926    86.89     189.3
1927    86.89     192.45
1928    86.89     195.6
1929    86.89     198.75
1930    86.89     201.9
1931    86.89     205.05
1932    86.89     208.2
1933    86.89     211.35
1934    86.89     214.5
1935    86.89     217.65
1936    86.89     220.8
1937    86.89     223.95
1938    86.89     227.1
1939    86.89     230.25
1940    86.89     233.4
1941    86.89     236.55
1942    86.89     240
1943    86.89     243.15
1944    86.89     246.3
1945    86.89     249.45
1946    86.89     252.6
1947    86.89     255.75
1948    86.89     258.9
1949    86.89     262.05
1950    86.89     265.2
1951    86.89     268.35
1952    86.89     271.5
1953    86.89     274.65
1954    86.89     277.8
1955    86.89     280.95
1956    86.89     284.1
1957    86.89     287.25
1958    86.89     290.4
1959    86.89     293.55
1960    86.89     296.7
1961    86.89     299.85
1962    86.89     303
1963    86.89     306.15
1964    86.89     309.3
1965    86.89     312.45
1966    86.89     315.6
1967    86.89     318.75
1968    86.89     321.9
1969    86.89     325.05
1970    86.89     328.2
1971    86.89     331.35
1972    86.89     334.5
1973    86.89     337.65
1974    86.89     340.8
1975    86.89     343.95
1976    86.89     347.1
1977    86.89     350.25
1978    86.89     353.4
1979    86.89     356.55
1980    90         0
1981    90         3.15
1982    90         6.3
1983    90         9.45
1984    90         12.6
1985    90         15.75
1986    90         18.9
1987    90         22.05
1988    90         25.2
1989    90         28.35
1990    90         31.5
1991    90         34.65
1992    90         37.8
1993    90         40.95
1994    90         44.1
1995    90         47.25
1996    90         50.4
1997    90         53.55
1998    90         56.7
1999    90         59.85
2000    90         63
2001    90         66.15
2002    90         69.3
2003    90         72.45
2004    90         75.6
2005    90         78.75
2006    90         81.9
2007    90         85.05
2008    90         88.2
2009    90         91.35
2010    90         94.5
2011    90         97.65
2012    90         100.8
2013    90         103.95
2014    90         107.1
2015    90         110.25
2016    90         113.4
2017    90         116.55
2018    90         120
2019    90         123.15
2020    90         126.3
2021    90         129.45
2022    90         132.6
2023    90         135.75
2024    90         138.9
2025    90         142.05
2026    90         145.2
2027    90         148.35
2028    90         151.5
2029    90         154.65
2030    90         157.8
2031    90         160.95
2032    90         164.1
2033    90         167.25
2034    90         170.4
2035    90         173.55
2036    90         176.7
2037    90         179.85
2038    90         183
2039    90         186.15
2040    90         189.3
2041    90         192.45
2042    90         195.6
2043    90         198.75
2044    90         201.9
2045    90         205.05
2046    90         208.2
2047    90         211.35
2048    90         214.5
2049    90         217.65
2050    90         220.8
2051    90         223.95
2052    90         227.1
2053    90         230.25
2054    90         233.4
2055    90         236.55
2056    90         240
2057    90         243.15
2058    90         246.3
2059    90         249.45
2060    90         252.6
2061    90         255.75
2062    90         258.9
2063    90         262.05
2064    90         265.2
2065    90         268.35
2066    90         271.5
2067    90         274.65
2068    90         277.8
2069    90         280.95
2070    90         284.1
2071    90         287.25
2072    90         290.4
2073    90         293.55
2074    90         296.7
2075    90         299.85
2076    90         303
2077    90         306.15
2078    90         309.3
2079    90         312.45
2080    90         315.6
2081    90         318.75
2082    90         321.9
2083    90         325.05
2084    90         328.2
2085    90         331.35
2086    90         334.5
2087    90         337.65
2088    90         340.8
2089    90         343.95
2090    90         347.1
2091    90         350.25
2092    90         353.4
2093    90         356.55
2094    93.11     0
2095    93.11     3.15
2096    93.11     6.3
2097    93.11     9.45
2098    93.11     12.6
2099    93.11     15.75
2100    93.11     18.9
2101    93.11     22.05
2102    93.11     25.2
2103    93.11     28.35
2104    93.11     31.5
2105    93.11     34.65
2106    93.11     37.8
2107    93.11     40.95
2108    93.11     44.1
2109    93.11     47.25
2110    93.11     50.4
2111    93.11     53.55
2112    93.11     56.7
2113    93.11     59.85
2114    93.11     63
2115    93.11     66.15
2116    93.11     69.3
2117    93.11     72.45
2118    93.11     75.6
2119    93.11     78.75
2120    93.11     81.9
2121    93.11     85.05
2122    93.11     88.2
2123    93.11     91.35
2124    93.11     94.5
2125    93.11     97.65
2126    93.11     100.8
2127    93.11     103.95
2128    93.11     107.1
2129    93.11     110.25
2130    93.11     113.4
2131    93.11     116.55
2132    93.11     120
2133    93.11     123.15
2134    93.11     126.3
2135    93.11     129.45
2136    93.11     132.6
2137    93.11     135.75
2138    93.11     138.9
2139    93.11     142.05
2140    93.11     145.2
2141    93.11     148.35
2142    93.11     151.5
2143    93.11     154.65
2144    93.11     157.8
2145    93.11     160.95
2146    93.11     164.1
2147    93.11     167.25
2148    93.11     170.4
2149    93.11     173.55
2150    93.11     176.7
2151    93.11     179.85
2152    93.11     183
2153    93.11     186.15
2154    93.11     189.3
2155    93.11     192.45
2156    93.11     195.6
2157    93.11     198.75
2158    93.11     201.9
2159    93.11     205.05
2160    93.11     208.2
2161    93.11     211.35
2162    93.11     214.5
2163    93.11     217.65
2164    93.11     220.8
2165    93.11     223.95
2166    93.11     227.1
2167    93.11     230.25
2168    93.11     233.4
2169    93.11     236.55
2170    93.11     240
2171    93.11     243.15
2172    93.11     246.3
2173    93.11     249.45
2174    93.11     252.6
2175    93.11     255.75
2176    93.11     258.9
2177    93.11     262.05
2178    93.11     265.2
2179    93.11     268.35
2180    93.11     271.5
2181    93.11     274.65
2182    93.11     277.8
2183    93.11     280.95
2184    93.11     284.1
2185    93.11     287.25
2186    93.11     290.4
2187    93.11     293.55
2188    93.11     296.7
2189    93.11     299.85
2190    93.11     303
2191    93.11     306.15
2192    93.11     309.3
2193    93.11     312.45
2194    93.11     315.6
2195    93.11     318.75
2196    93.11     321.9
2197    93.11     325.05
2198    93.11     328.2
2199    93.11     331.35
2200    93.11     334.5
2201    93.11     337.65
2202    93.11     340.8
2203    93.11     343.95
2204    93.11     347.1
2205    93.11     350.25
2206    93.11     353.4
2207    93.11     356.55
2208    96.22     0
2209    96.22     3.15
2210    96.22     6.3
2211    96.22     9.45
2212    96.22     12.6
2213    96.22     15.75
2214    96.22     18.9
2215    96.22     22.05
2216    96.22     25.2
2217    96.22     28.35
2218    96.22     31.5
2219    96.22     34.65
2220    96.22     37.8
2221    96.22     40.95
2222    96.22     44.1
2223    96.22     47.25
2224    96.22     50.4
2225    96.22     53.55
2226    96.22     56.7
2227    96.22     59.85
2228    96.22     63
2229    96.22     66.15
2230    96.22     69.3
2231    96.22     72.45
2232    96.22     75.6
2233    96.22     78.75
2234    96.22     81.9
2235    96.22     85.05
2236    96.22     88.2
2237    96.22     91.35
2238    96.22     94.5
2239    96.22     97.65
2240    96.22     100.8
2241    96.22     103.95
2242    96.22     107.1
2243    96.22     110.25
2244    96.22     113.4
2245    96.22     116.55
2246    96.22     120
2247    96.22     123.15
2248    96.22     126.3
2249    96.22     129.45
2250    96.22     132.6
2251    96.22     135.75
2252    96.22     138.9
2253    96.22     142.05
2254    96.22     145.2
2255    96.22     148.35
2256    96.22     151.5
2257    96.22     154.65
2258    96.22     157.8
2259    96.22     160.95
2260    96.22     164.1
2261    96.22     167.25
2262    96.22     170.4
2263    96.22     173.55
2264    96.22     176.7
2265    96.22     179.85
2266    96.22     183
2267    96.22     186.15
2268    96.22     189.3
2269    96.22     192.45
2270    96.22     195.6
2271    96.22     198.75
2272    96.22     201.9
2273    96.22     205.05
2274    96.22     208.2
2275    96.22     211.35
2276    96.22     214.5
2277    96.22     217.65
2278    96.22     220.8
2279    96.22     223.95
2280    96.22     227.1
2281    96.22     230.25
2282    96.22     233.4
2283    96.22     236.55
2284    96.22     240
2285    96.22     243.15
2286    96.22     246.3
2287    96.22     249.45
2288    96.22     252.6
2289    96.22     255.75
2290    96.22     258.9
2291    96.22     262.05
2292    96.22     265.2
2293    96.22     268.35
2294    96.22     271.5
2295    96.22     274.65
2296    96.22     277.8
2297    96.22     280.95
2298    96.22     284.1
2299    96.22     287.25
2300    96.22     290.4
2301    96.22     293.55
2302    96.22     296.7
2303    96.22     299.85
2304    96.22     303
2305    96.22     306.15
2306    96.22     309.3
2307    96.22     312.45
2308    96.22     315.6
2309    96.22     318.75
2310    96.22     321.9
2311    96.22     325.05
2312    96.22     328.2
2313    96.22     331.35
2314    96.22     334.5
2315    96.22     337.65
2316    96.22     340.8
2317    96.22     343.95
2318    96.22     347.1
2319    96.22     350.25
2320    96.22     353.4
2321    96.22     356.55
2322    99.33     0
2323    99.33     3.15
2324    99.33     6.3
2325    99.33     9.45
2326    99.33     12.6
2327    99.33     15.75
2328    99.33     18.9
2329    99.33     22.05
2330    99.33     25.2
2331    99.33     28.35
2332    99.33     31.5
2333    99.33     34.65
2334    99.33     37.8
2335    99.33     40.95
2336    99.33     44.1
2337    99.33     47.25
2338    99.33     50.4
2339    99.33     53.55
2340    99.33     56.7
2341    99.33     59.85
2342    99.33     63
2343    99.33     66.15
2344    99.33     69.3
2345    99.33     72.45
2346    99.33     75.6
2347    99.33     78.75
2348    99.33     81.9
2349    99.33     85.05
2350    99.33     88.2
2351    99.33     91.35
2352    99.33     94.5
2353    99.33     97.65
2354    99.33     100.8
2355    99.33     103.95
2356    99.33     107.1
2357    99.33     110.25
2358    99.33     113.4
2359    99.33     116.55
2360    99.33     120
2361    99.33     123.15
2362    99.33     126.3
2363    99.33     129.45
2364    99.33     132.6
2365    99.33     135.75
2366    99.33     138.9
2367    99.33     142.05
2368    99.33     145.2
2369    99.33     148.35
2370    99.33     151.5
2371    99.33     154.65
2372    99.33     157.8
2373    99.33     160.95
2374    99.33     164.1
2375    99.33     167.25
2376    99.33     170.4
2377    99.33     173.55
2378    99.33     176.7
2379    99.33     179.85
2380    99.33     183
2381    99.33     186.15
2382    99.33     189.3
2383    99.33     192.45
2384    99.33     195.6
2385    99.33     198.75
2386    99.33     201.9
2387    99.33     205.05
2388    99.33     208.2
2389    99.33     211.35
2390    99.33     214.5
2391    99.33     217.65
2392    99.33     220.8
2393    99.33     223.95
2394    99.33     227.1
2395    99.33     230.25
2396    99.33     233.4
2397    99.33     236.55
2398    99.33     240
2399    99.33     243.15
2400    99.33     246.3
2401    99.33     249.45
2402    99.33     252.6
2403    99.33     255.75
2404    99.33     258.9
2405    99.33     262.05
2406    99.33     265.2
2407    99.33     268.35
2408    99.33     271.5
2409    99.33     274.65
2410    99.33     277.8
2411    99.33     280.95
2412    99.33     284.1
2413    99.33     287.25
2414    99.33     290.4
2415    99.33     293.55
2416    99.33     296.7
2417    99.33     299.85
2418    99.33     303
2419    99.33     306.15
2420    99.33     309.3
2421    99.33     312.45
2422    99.33     315.6
2423    99.33     318.75
2424    99.33     321.9
2425    99.33     325.05
2426    99.33     328.2
2427    99.33     331.35
2428    99.33     334.5
2429    99.33     337.65
2430    99.33     340.8
2431    99.33     343.95
2432    99.33     347.1
2433    99.33     350.25
2434    99.33     353.4
2435    99.33     356.55
2436    102.44    0
2437    102.44    3.24
2438    102.44    6.48
2439    102.44    9.72
2440    102.44    12.96
2441    102.44    16.2
2442    102.44    19.44
2443    102.44    22.68
2444    102.44    25.92
2445    102.44    29.16
2446    102.44    32.4
2447    102.44    35.64
2448    102.44    38.88
2449    102.44    42.12
2450    102.44    45.36
2451    102.44    48.6
2452    102.44    51.84
2453    102.44    55.08
2454    102.44    58.32
2455    102.44    61.56
2456    102.44    64.8
2457    102.44    68.04
2458    102.44    71.28
2459    102.44    74.52
2460    102.44    77.76
2461    102.44    81
2462    102.44    84.24
2463    102.44    87.48
2464    102.44    90.72
2465    102.44    93.96
2466    102.44    97.2
2467    102.44    100.44
2468    102.44    103.68
2469    102.44    106.92
2470    102.44    110.16
2471    102.44    113.4
2472    102.44    116.64
2473    102.44    120
2474    102.44    123.24
2475    102.44    126.48
2476    102.44    129.72
2477    102.44    132.96
2478    102.44    136.2
2479    102.44    139.44
2480    102.44    142.68
2481    102.44    145.92
2482    102.44    149.16
2483    102.44    152.4
2484    102.44    155.64
2485    102.44    158.88
2486    102.44    162.12
2487    102.44    165.36
2488    102.44    168.6
2489    102.44    171.84
2490    102.44    175.08
2491    102.44    178.32
2492    102.44    181.56
2493    102.44    184.8
2494    102.44    188.04
2495    102.44    191.28
2496    102.44    194.52
2497    102.44    197.76
2498    102.44    201
2499    102.44    204.24
2500    102.44    207.48
2501    102.44    210.72
2502    102.44    213.96
2503    102.44    217.2
2504    102.44    220.44
2505    102.44    223.68
2506    102.44    226.92
2507    102.44    230.16
2508    102.44    233.4
2509    102.44    236.64
2510    102.44    240
2511    102.44    243.24
2512    102.44    246.48
2513    102.44    249.72
2514    102.44    252.96
2515    102.44    256.2
2516    102.44    259.44
2517    102.44    262.68
2518    102.44    265.92
2519    102.44    269.16
2520    102.44    272.4
2521    102.44    275.64
2522    102.44    278.88
2523    102.44    282.12
2524    102.44    285.36
2525    102.44    288.6
2526    102.44    291.84
2527    102.44    295.08
2528    102.44    298.32
2529    102.44    301.56
2530    102.44    304.8
2531    102.44    308.04
2532    102.44    311.28
2533    102.44    314.52
2534    102.44    317.76
2535    102.44    321
2536    102.44    324.24
2537    102.44    327.48
2538    102.44    330.72
2539    102.44    333.96
2540    102.44    337.2
2541    102.44    340.44
2542    102.44    343.68
2543    102.44    346.92
2544    102.44    350.16
2545    102.44    353.4
2546    102.44    356.64
2547    105.55    0
2548    105.55    3.24
2549    105.55    6.48
2550    105.55    9.72
2551    105.55    12.96
2552    105.55    16.2
2553    105.55    19.44
2554    105.55    22.68
2555    105.55    25.92
2556    105.55    29.16
2557    105.55    32.4
2558    105.55    35.64
2559    105.55    38.88
2560    105.55    42.12
2561    105.55    45.36
2562    105.55    48.6
2563    105.55    51.84
2564    105.55    55.08
2565    105.55    58.32
2566    105.55    61.56
2567    105.55    64.8
2568    105.55    68.04
2569    105.55    71.28
2570    105.55    74.52
2571    105.55    77.76
2572    105.55    81
2573    105.55    84.24
2574    105.55    87.48
2575    105.55    90.72
2576    105.55    93.96
2577    105.55    97.2
2578    105.55    100.44
2579    105.55    103.68
2580    105.55    106.92
2581    105.55    110.16
2582    105.55    113.4
2583    105.55    116.64
2584    105.55    120
2585    105.55    123.24
2586    105.55    126.48
2587    105.55    129.72
2588    105.55    132.96
2589    105.55    136.2
2590    105.55    139.44
2591    105.55    142.68
2592    105.55    145.92
2593    105.55    149.16
2594    105.55    152.4
2595    105.55    155.64
2596    105.55    158.88
2597    105.55    162.12
2598    105.55    165.36
2599    105.55    168.6
2600    105.55    171.84
2601    105.55    175.08
2602    105.55    178.32
2603    105.55    181.56
2604    105.55    184.8
2605    105.55    188.04
2606    105.55    191.28
2607    105.55    194.52
2608    105.55    197.76
2609    105.55    201
2610    105.55    204.24
2611    105.55    207.48
2612    105.55    210.72
2613    105.55    213.96
2614    105.55    217.2
2615    105.55    220.44
2616    105.55    223.68
2617    105.55    226.92
2618    105.55    230.16
2619    105.55    233.4
2620    105.55    236.64
2621    105.55    240
2622    105.55    243.24
2623    105.55    246.48
2624    105.55    249.72
2625    105.55    252.96
2626    105.55    256.2
2627    105.55    259.44
2628    105.55    262.68
2629    105.55    265.92
2630    105.55    269.16
2631    105.55    272.4
2632    105.55    275.64
2633    105.55    278.88
2634    105.55    282.12
2635    105.55    285.36
2636    105.55    288.6
2637    105.55    291.84
2638    105.55    295.08
2639    105.55    298.32
2640    105.55    301.56
2641    105.55    304.8
2642    105.55    308.04
2643    105.55    311.28
2644    105.55    314.52
2645    105.55    317.76
2646    105.55    321
2647    105.55    324.24
2648    105.55    327.48
2649    105.55    330.72
2650    105.55    333.96
2651    105.55    337.2
2652    105.55    340.44
2653    105.55    343.68
2654    105.55    346.92
2655    105.55    350.16
2656    105.55    353.4
2657    105.55    356.64
2658    108.66    0
2659    108.66    3.33
2660    108.66    6.66
2661    108.66    9.99
2662    108.66    13.32
2663    108.66    16.65
2664    108.66    19.98
2665    108.66    23.31
2666    108.66    26.64
2667    108.66    29.97
2668    108.66    33.3
2669    108.66    36.63
2670    108.66    39.96
2671    108.66    43.29
2672    108.66    46.62
2673    108.66    49.95
2674    108.66    53.28
2675    108.66    56.61
2676    108.66    59.94
2677    108.66    63.27
2678    108.66    66.6
2679    108.66    69.93
2680    108.66    73.26
2681    108.66    76.59
2682    108.66    79.92
2683    108.66    83.25
2684    108.66    86.58
2685    108.66    89.91
2686    108.66    93.24
2687    108.66    96.57
2688    108.66    99.9
2689    108.66    103.23
2690    108.66    106.56
2691    108.66    109.89
2692    108.66    113.22
2693    108.66    116.55
2694    108.66    120
2695    108.66    123.33
2696    108.66    126.66
2697    108.66    129.99
2698    108.66    133.32
2699    108.66    136.65
2700    108.66    139.98
2701    108.66    143.31
2702    108.66    146.64
2703    108.66    149.97
2704    108.66    153.3
2705    108.66    156.63
2706    108.66    159.96
2707    108.66    163.29
2708    108.66    166.62
2709    108.66    169.95
2710    108.66    173.28
2711    108.66    176.61
2712    108.66    179.94
2713    108.66    183.27
2714    108.66    186.6
2715    108.66    189.93
2716    108.66    193.26
2717    108.66    196.59
2718    108.66    199.92
2719    108.66    203.25
2720    108.66    206.58
2721    108.66    209.91
2722    108.66    213.24
2723    108.66    216.57
2724    108.66    219.9
2725    108.66    223.23
2726    108.66    226.56
2727    108.66    229.89
2728    108.66    233.22
2729    108.66    236.55
2730    108.66    240
2731    108.66    243.33
2732    108.66    246.66
2733    108.66    249.99
2734    108.66    253.32
2735    108.66    256.65
2736    108.66    259.98
2737    108.66    263.31
2738    108.66    266.64
2739    108.66    269.97
2740    108.66    273.3
2741    108.66    276.63
2742    108.66    279.96
2743    108.66    283.29
2744    108.66    286.62
2745    108.66    289.95
2746    108.66    293.28
2747    108.66    296.61
2748    108.66    299.94
2749    108.66    303.27
2750    108.66    306.6
2751    108.66    309.93
2752    108.66    313.26
2753    108.66    316.59
2754    108.66    319.92
2755    108.66    323.25
2756    108.66    326.58
2757    108.66    329.91
2758    108.66    333.24
2759    108.66    336.57
2760    108.66    339.9
2761    108.66    343.23
2762    108.66    346.56
2763    108.66    349.89
2764    108.66    353.22
2765    108.66    356.55
2766    111.77    0
2767    111.77    3.43
2768    111.77    6.86
2769    111.77    10.29
2770    111.77    13.72
2771    111.77    17.15
2772    111.77    20.58
2773    111.77    24.01
2774    111.77    27.44
2775    111.77    30.87
2776    111.77    34.3
2777    111.77    37.73
2778    111.77    41.16
2779    111.77    44.59
2780    111.77    48.02
2781    111.77    51.45
2782    111.77    54.88
2783    111.77    58.31
2784    111.77    61.74
2785    111.77    65.17
2786    111.77    68.6
2787    111.77    72.03
2788    111.77    75.46
2789    111.77    78.89
2790    111.77    82.32
2791    111.77    85.75
2792    111.77    89.18
2793    111.77    92.61
2794    111.77    96.04
2795    111.77    99.47
2796    111.77    102.9
2797    111.77    106.33
2798    111.77    109.76
2799    111.77    113.19
2800    111.77    116.62
2801    111.77    120
2802    111.77    123.43
2803    111.77    126.86
2804    111.77    130.29
2805    111.77    133.72
2806    111.77    137.15
2807    111.77    140.58
2808    111.77    144.01
2809    111.77    147.44
2810    111.77    150.87
2811    111.77    154.3
2812    111.77    157.73
2813    111.77    161.16
2814    111.77    164.59
2815    111.77    168.02
2816    111.77    171.45
2817    111.77    174.88
2818    111.77    178.31
2819    111.77    181.74
2820    111.77    185.17
2821    111.77    188.6
2822    111.77    192.03
2823    111.77    195.46
2824    111.77    198.89
2825    111.77    202.32
2826    111.77    205.75
2827    111.77    209.18
2828    111.77    212.61
2829    111.77    216.04
2830    111.77    219.47
2831    111.77    222.9
2832    111.77    226.33
2833    111.77    229.76
2834    111.77    233.19
2835    111.77    236.62
2836    111.77    240
2837    111.77    243.43
2838    111.77    246.86
2839    111.77    250.29
2840    111.77    253.72
2841    111.77    257.15
2842    111.77    260.58
2843    111.77    264.01
2844    111.77    267.44
2845    111.77    270.87
2846    111.77    274.3
2847    111.77    277.73
2848    111.77    281.16
2849    111.77    284.59
2850    111.77    288.02
2851    111.77    291.45
2852    111.77    294.88
2853    111.77    298.31
2854    111.77    301.74
2855    111.77    305.17
2856    111.77    308.6
2857    111.77    312.03
2858    111.77    315.46
2859    111.77    318.89
2860    111.77    322.32
2861    111.77    325.75
2862    111.77    329.18
2863    111.77    332.61
2864    111.77    336.04
2865    111.77    339.47
2866    111.77    342.9
2867    111.77    346.33
2868    111.77    349.76
2869    111.77    353.19
2870    111.77    356.62
2871    114.88    0
2872    114.88    3.53
2873    114.88    7.06
2874    114.88    10.59
2875    114.88    14.12
2876    114.88    17.65
2877    114.88    21.18
2878    114.88    24.71
2879    114.88    28.24
2880    114.88    31.77
2881    114.88    35.3
2882    114.88    38.83
2883    114.88    42.36
2884    114.88    45.89
2885    114.88    49.42
2886    114.88    52.95
2887    114.88    56.48
2888    114.88    60.01
2889    114.88    63.54
2890    114.88    67.07
2891    114.88    70.6
2892    114.88    74.13
2893    114.88    77.66
2894    114.88    81.19
2895    114.88    84.72
2896    114.88    88.25
2897    114.88    91.78
2898    114.88    95.31
2899    114.88    98.84
2900    114.88    102.37
2901    114.88    105.9
2902    114.88    109.43
2903    114.88    112.96
2904    114.88    116.49
2905    114.88    120
2906    114.88    123.53
2907    114.88    127.06
2908    114.88    130.59
2909    114.88    134.12
2910    114.88    137.65
2911    114.88    141.18
2912    114.88    144.71
2913    114.88    148.24
2914    114.88    151.77
2915    114.88    155.3
2916    114.88    158.83
2917    114.88    162.36
2918    114.88    165.89
2919    114.88    169.42
2920    114.88    172.95
2921    114.88    176.48
2922    114.88    180.01
2923    114.88    183.54
2924    114.88    187.07
2925    114.88    190.6
2926    114.88    194.13
2927    114.88    197.66
2928    114.88    201.19
2929    114.88    204.72
2930    114.88    208.25
2931    114.88    211.78
2932    114.88    215.31
2933    114.88    218.84
2934    114.88    222.37
2935    114.88    225.9
2936    114.88    229.43
2937    114.88    232.96
2938    114.88    236.49
2939    114.88    240
2940    114.88    243.53
2941    114.88    247.06
2942    114.88    250.59
2943    114.88    254.12
2944    114.88    257.65
2945    114.88    261.18
2946    114.88    264.71
2947    114.88    268.24
2948    114.88    271.77
2949    114.88    275.3
2950    114.88    278.83
2951    114.88    282.36
2952    114.88    285.89
2953    114.88    289.42
2954    114.88    292.95
2955    114.88    296.48
2956    114.88    300.01
2957    114.88    303.54
2958    114.88    307.07
2959    114.88    310.6
2960    114.88    314.13
2961    114.88    317.66
2962    114.88    321.19
2963    114.88    324.72
2964    114.88    328.25
2965    114.88    331.78
2966    114.88    335.31
2967    114.88    338.84
2968    114.88    342.37
2969    114.88    345.9
2970    114.88    349.43
2971    114.88    352.96
2972    114.88    356.49
2973    117.99    0
2974    117.99    3.63
2975    117.99    7.26
2976    117.99    10.89
2977    117.99    14.52
2978    117.99    18.15
2979    117.99    21.78
2980    117.99    25.41
2981    117.99    29.04
2982    117.99    32.67
2983    117.99    36.3
2984    117.99    39.93
2985    117.99    43.56
2986    117.99    47.19
2987    117.99    50.82
2988    117.99    54.45
2989    117.99    58.08
2990    117.99    61.71
2991    117.99    65.34
2992    117.99    68.97
2993    117.99    72.6
2994    117.99    76.23
2995    117.99    79.86
2996    117.99    83.49
2997    117.99    87.12
2998    117.99    90.75
2999    117.99    94.38
3000    117.99    98.01
3001    117.99    101.64
3002    117.99    105.27
3003    117.99    108.9
3004    117.99    112.53
3005    117.99    116.16
3006    117.99    120
3007    117.99    123.63
3008    117.99    127.26
3009    117.99    130.89
3010    117.99    134.52
3011    117.99    138.15
3012    117.99    141.78
3013    117.99    145.41
3014    117.99    149.04
3015    117.99    152.67
3016    117.99    156.3
3017    117.99    159.93
3018    117.99    163.56
3019    117.99    167.19
3020    117.99    170.82
3021    117.99    174.45
3022    117.99    178.08
3023    117.99    181.71
3024    117.99    185.34
3025    117.99    188.97
3026    117.99    192.6
3027    117.99    196.23
3028    117.99    199.86
3029    117.99    203.49
3030    117.99    207.12
3031    117.99    210.75
3032    117.99    214.38
3033    117.99    218.01
3034    117.99    221.64
3035    117.99    225.27
3036    117.99    228.9
3037    117.99    232.53
3038    117.99    236.16
3039    117.99    240
3040    117.99    243.63
3041    117.99    247.26
3042    117.99    250.89
3043    117.99    254.52
3044    117.99    258.15
3045    117.99    261.78
3046    117.99    265.41
3047    117.99    269.04
3048    117.99    272.67
3049    117.99    276.3
3050    117.99    279.93
3051    117.99    283.56
3052    117.99    287.19
3053    117.99    290.82
3054    117.99    294.45
3055    117.99    298.08
3056    117.99    301.71
3057    117.99    305.34
3058    117.99    308.97
3059    117.99    312.6
3060    117.99    316.23
3061    117.99    319.86
3062    117.99    323.49
3063    117.99    327.12
3064    117.99    330.75
3065    117.99    334.38
3066    117.99    338.01
3067    117.99    341.64
3068    117.99    345.27
3069    117.99    348.9
3070    117.99    352.53
3071    117.99    356.16
3072    121.1     0
3073    121.1     3.75
3074    121.1     7.5
3075    121.1     11.25
3076    121.1     15
3077    121.1     18.75
3078    121.1     22.5
3079    121.1     26.25
3080    121.1     30
3081    121.1     33.75
3082    121.1     37.5
3083    121.1     41.25
3084    121.1     45
3085    121.1     48.75
3086    121.1     52.5
3087    121.1     56.25
3088    121.1     60
3089    121.1     63.75
3090    121.1     67.5
3091    121.1     71.25
3092    121.1     75
3093    121.1     78.75
3094    121.1     82.5
3095    121.1     86.25
3096    121.1     90
3097    121.1     93.75
3098    121.1     97.5
3099    121.1     101.25
3100    121.1     105
3101    121.1     108.75
3102    121.1     112.5
3103    121.1     116.25
3104    121.1     120
3105    121.1     123.75
3106    121.1     127.5
3107    121.1     131.25
3108    121.1     135
3109    121.1     138.75
3110    121.1     142.5
3111    121.1     146.25
3112    121.1     150
3113    121.1     153.75
3114    121.1     157.5
3115    121.1     161.25
3116    121.1     165
3117    121.1     168.75
3118    121.1     172.5
3119    121.1     176.25
3120    121.1     180
3121    121.1     183.75
3122    121.1     187.5
3123    121.1     191.25
3124    121.1     195
3125    121.1     198.75
3126    121.1     202.5
3127    121.1     206.25
3128    121.1     210
3129    121.1     213.75
3130    121.1     217.5
3131    121.1     221.25
3132    121.1     225
3133    121.1     228.75
3134    121.1     232.5
3135    121.1     236.25
3136    121.1     240
3137    121.1     243.75
3138    121.1     247.5
3139    121.1     251.25
3140    121.1     255
3141    121.1     258.75
3142    121.1     262.5
3143    121.1     266.25
3144    121.1     270
3145    121.1     273.75
3146    121.1     277.5
3147    121.1     281.25
3148    121.1     285
3149    121.1     288.75
3150    121.1     292.5
3151    121.1     296.25
3152    121.1     300
3153    121.1     303.75
3154    121.1     307.5
3155    121.1     311.25
3156    121.1     315
3157    121.1     318.75
3158    121.1     322.5
3159    121.1     326.25
3160    121.1     330
3161    121.1     333.75
3162    121.1     337.5
3163    121.1     341.25
3164    121.1     345
3165    121.1     348.75
3166    121.1     352.5
3167    121.1     356.25
3168    124.21    0
3169    124.21    3.87
3170    124.21    7.74
3171    124.21    11.61
3172    124.21    15.48
3173    124.21    19.35
3174    124.21    23.22
3175    124.21    27.09
3176    124.21    30.96
3177    124.21    34.83
3178    124.21    38.7
3179    124.21    42.57
3180    124.21    46.44
3181    124.21    50.31
3182    124.21    54.18
3183    124.21    58.05
3184    124.21    61.92
3185    124.21    65.79
3186    124.21    69.66
3187    124.21    73.53
3188    124.21    77.4
3189    124.21    81.27
3190    124.21    85.14
3191    124.21    89.01
3192    124.21    92.88
3193    124.21    96.75
3194    124.21    100.62
3195    124.21    104.49
3196    124.21    108.36
3197    124.21    112.23
3198    124.21    116.1
3199    124.21    120
3200    124.21    123.87
3201    124.21    127.74
3202    124.21    131.61
3203    124.21    135.48
3204    124.21    139.35
3205    124.21    143.22
3206    124.21    147.09
3207    124.21    150.96
3208    124.21    154.83
3209    124.21    158.7
3210    124.21    162.57
3211    124.21    166.44
3212    124.21    170.31
3213    124.21    174.18
3214    124.21    178.05
3215    124.21    181.92
3216    124.21    185.79
3217    124.21    189.66
3218    124.21    193.53
3219    124.21    197.4
3220    124.21    201.27
3221    124.21    205.14
3222    124.21    209.01
3223    124.21    212.88
3224    124.21    216.75
3225    124.21    220.62
3226    124.21    224.49
3227    124.21    228.36
3228    124.21    232.23
3229    124.21    236.1
3230    124.21    240
3231    124.21    243.87
3232    124.21    247.74
3233    124.21    251.61
3234    124.21    255.48
3235    124.21    259.35
3236    124.21    263.22
3237    124.21    267.09
3238    124.21    270.96
3239    124.21    274.83
3240    124.21    278.7
3241    124.21    282.57
3242    124.21    286.44
3243    124.21    290.31
3244    124.21    294.18
3245    124.21    298.05
3246    124.21    301.92
3247    124.21    305.79
3248    124.21    309.66
3249    124.21    313.53
3250    124.21    317.4
3251    124.21    321.27
3252    124.21    325.14
3253    124.21    329.01
3254    124.21    332.88
3255    124.21    336.75
3256    124.21    340.62
3257    124.21    344.49
3258    124.21    348.36
3259    124.21    352.23
3260    124.21    356.1
3261    127.32    0
3262    127.32    4
3263    127.32    8
3264    127.32    12
3265    127.32    16
3266    127.32    20
3267    127.32    24
3268    127.32    28
3269    127.32    32
3270    127.32    36
3271    127.32    40
3272    127.32    44
3273    127.32    48
3274    127.32    52
3275    127.32    56
3276    127.32    60
3277    127.32    64
3278    127.32    68
3279    127.32    72
3280    127.32    76
3281    127.32    80
3282    127.32    84
3283    127.32    88
3284    127.32    92
3285    127.32    96
3286    127.32    100
3287    127.32    104
3288    127.32    108
3289    127.32    112
3290    127.32    116
3291    127.32    120
3292    127.32    124
3293    127.32    128
3294    127.32    132
3295    127.32    136
3296    127.32    140
3297    127.32    144
3298    127.32    148
3299    127.32    152
3300    127.32    156
3301    127.32    160
3302    127.32    164
3303    127.32    168
3304    127.32    172
3305    127.32    176
3306    127.32    180
3307    127.32    184
3308    127.32    188
3309    127.32    192
3310    127.32    196
3311    127.32    200
3312    127.32    204
3313    127.32    208
3314    127.32    212
3315    127.32    216
3316    127.32    220
3317    127.32    224
3318    127.32    228
3319    127.32    232
3320    127.32    236
3321    127.32    240
3322    127.32    244
3323    127.32    248
3324    127.32    252
3325    127.32    256
3326    127.32    260
3327    127.32    264
3328    127.32    268
3329    127.32    272
3330    127.32    276
3331    127.32    280
3332    127.32    284
3333    127.32    288
3334    127.32    292
3335    127.32    296
3336    127.32    300
3337    127.32    304
3338    127.32    308
3339    127.32    312
3340    127.32    316
3341    127.32    320
3342    127.32    324
3343    127.32    328
3344    127.32    332
3345    127.32    336
3346    127.32    340
3347    127.32    344
3348    127.32    348
3349    127.32    352
3350    127.32    356
3351    130.43    0
3352    130.43    4.28
3353    130.43    8.56
3354    130.43    12.84
3355    130.43    17.12
3356    130.43    21.4
3357    130.43    25.68
3358    130.43    29.96
3359    130.43    34.24
3360    130.43    38.52
3361    130.43    42.8
3362    130.43    47.08
3363    130.43    51.36
3364    130.43    55.64
3365    130.43    59.92
3366    130.43    64.2
3367    130.43    68.48
3368    130.43    72.76
3369    130.43    77.04
3370    130.43    81.32
3371    130.43    85.6
3372    130.43    89.88
3373    130.43    94.16
3374    130.43    98.44
3375    130.43    102.72
3376    130.43    107
3377    130.43    111.28
3378    130.43    115.56
3379    130.43    120
3380    130.43    124.28
3381    130.43    128.56
3382    130.43    132.84
3383    130.43    137.12
3384    130.43    141.4
3385    130.43    145.68
3386    130.43    149.96
3387    130.43    154.24
3388    130.43    158.52
3389    130.43    162.8
3390    130.43    167.08
3391    130.43    171.36
3392    130.43    175.64
3393    130.43    179.92
3394    130.43    184.2
3395    130.43    188.48
3396    130.43    192.76
3397    130.43    197.04
3398    130.43    201.32
3399    130.43    205.6
3400    130.43    209.88
3401    130.43    214.16
3402    130.43    218.44
3403    130.43    222.72
3404    130.43    227
3405    130.43    231.28
3406    130.43    235.56
3407    130.43    240
3408    130.43    244.28
3409    130.43    248.56
3410    130.43    252.84
3411    130.43    257.12
3412    130.43    261.4
3413    130.43    265.68
3414    130.43    269.96
3415    130.43    274.24
3416    130.43    278.52
3417    130.43    282.8
3418    130.43    287.08
3419    130.43    291.36
3420    130.43    295.64
3421    130.43    299.92
3422    130.43    304.2
3423    130.43    308.48
3424    130.43    312.76
3425    130.43    317.04
3426    130.43    321.32
3427    130.43    325.6
3428    130.43    329.88
3429    130.43    334.16
3430    130.43    338.44
3431    130.43    342.72
3432    130.43    347
3433    130.43    351.28
3434    130.43    355.56
3435    133.54    0
3436    133.54    4.44
3437    133.54    8.88
3438    133.54    13.32
3439    133.54    17.76
3440    133.54    22.2
3441    133.54    26.64
3442    133.54    31.08
3443    133.54    35.52
3444    133.54    39.96
3445    133.54    44.4
3446    133.54    48.84
3447    133.54    53.28
3448    133.54    57.72
3449    133.54    62.16
3450    133.54    66.6
3451    133.54    71.04
3452    133.54    75.48
3453    133.54    79.92
3454    133.54    84.36
3455    133.54    88.8
3456    133.54    93.24
3457    133.54    97.68
3458    133.54    102.12
3459    133.54    106.56
3460    133.54    111
3461    133.54    115.44
3462    133.54    120
3463    133.54    124.44
3464    133.54    128.88
3465    133.54    133.32
3466    133.54    137.76
3467    133.54    142.2
3468    133.54    146.64
3469    133.54    151.08
3470    133.54    155.52
3471    133.54    159.96
3472    133.54    164.4
3473    133.54    168.84
3474    133.54    173.28
3475    133.54    177.72
3476    133.54    182.16
3477    133.54    186.6
3478    133.54    191.04
3479    133.54    195.48
3480    133.54    199.92
3481    133.54    204.36
3482    133.54    208.8
3483    133.54    213.24
3484    133.54    217.68
3485    133.54    222.12
3486    133.54    226.56
3487    133.54    231
3488    133.54    235.44
3489    133.54    240
3490    133.54    244.44
3491    133.54    248.88
3492    133.54    253.32
3493    133.54    257.76
3494    133.54    262.2
3495    133.54    266.64
3496    133.54    271.08
3497    133.54    275.52
3498    133.54    279.96
3499    133.54    284.4
3500    133.54    288.84
3501    133.54    293.28
3502    133.54    297.72
3503    133.54    302.16
3504    133.54    306.6
3505    133.54    311.04
3506    133.54    315.48
3507    133.54    319.92
3508    133.54    324.36
3509    133.54    328.8
3510    133.54    333.24
3511    133.54    337.68
3512    133.54    342.12
3513    133.54    346.56
3514    133.54    351
3515    133.54    355.44
3516    136.66    0
3517    136.66    4.8
3518    136.66    9.6
3519    136.66    14.4
3520    136.66    19.2
3521    136.66    24
3522    136.66    28.8
3523    136.66    33.6
3524    136.66    38.4
3525    136.66    43.2
3526    136.66    48
3527    136.66    52.8
3528    136.66    57.6
3529    136.66    62.4
3530    136.66    67.2
3531    136.66    72
3532    136.66    76.8
3533    136.66    81.6
3534    136.66    86.4
3535    136.66    91.2
3536    136.66    96
3537    136.66    100.8
3538    136.66    105.6
3539    136.66    110.4
3540    136.66    115.2
3541    136.66    120
3542    136.66    124.8
3543    136.66    129.6
3544    136.66    134.4
3545    136.66    139.2
3546    136.66    144
3547    136.66    148.8
3548    136.66    153.6
3549    136.66    158.4
3550    136.66    163.2
3551    136.66    168
3552    136.66    172.8
3553    136.66    177.6
3554    136.66    182.4
3555    136.66    187.2
3556    136.66    192
3557    136.66    196.8
3558    136.66    201.6
3559    136.66    206.4
3560    136.66    211.2
3561    136.66    216
3562    136.66    220.8
3563    136.66    225.6
3564    136.66    230.4
3565    136.66    235.2
3566    136.66    240
3567    136.66    244.8
3568    136.66    249.6
3569    136.66    254.4
3570    136.66    259.2
3571    136.66    264
3572    136.66    268.8
3573    136.66    273.6
3574    136.66    278.4
3575    136.66    283.2
3576    136.66    288
3577    136.66    292.8
3578    136.66    297.6
3579    136.66    302.4
3580    136.66    307.2
3581    136.66    312
3582    136.66    316.8
3583    136.66    321.6
3584    136.66    326.4
3585    136.66    331.2
3586    136.66    336
3587    136.66    340.8
3588    136.66    345.6
3589    136.66    350.4
3590    136.66    355.2
3591    139.78    0
3592    139.78    5
3593    139.78    10
3594    139.78    15
3595    139.78    20
3596    139.78    25
3597    139.78    30
3598    139.78    35
3599    139.78    40
3600    139.78    45
3601    139.78    50
3602    139.78    55
3603    139.78    60
3604    139.78    65
3605    139.78    70
3606    139.78    75
3607    139.78    80
3608    139.78    85
3609    139.78    90
3610    139.78    95
3611    139.78    100
3612    139.78    105
3613    139.78    110
3614    139.78    115
3615    139.78    120
3616    139.78    125
3617    139.78    130
3618    139.78    135
3619    139.78    140
3620    139.78    145
3621    139.78    150
3622    139.78    155
3623    139.78    160
3624    139.78    165
3625    139.78    170
3626    139.78    175
3627    139.78    180
3628    139.78    185
3629    139.78    190
3630    139.78    195
3631    139.78    200
3632    139.78    205
3633    139.78    210
3634    139.78    215
3635    139.78    220
3636    139.78    225
3637    139.78    230
3638    139.78    235
3639    139.78    240
3640    139.78    245
3641    139.78    250
3642    139.78    255
3643    139.78    260
3644    139.78    265
3645    139.78    270
3646    139.78    275
3647    139.78    280
3648    139.78    285
3649    139.78    290
3650    139.78    295
3651    139.78    300
3652    139.78    305
3653    139.78    310
3654    139.78    315
3655    139.78    320
3656    139.78    325
3657    139.78    330
3658    139.78    335
3659    139.78    340
3660    139.78    345
3661    139.78    350
3662    139.78    355
3663    142.9     0
3664    142.9     5.45
3665    142.9     10.9
3666    142.9     16.35
3667    142.9     21.8
3668    142.9     27.25
3669    142.9     32.7
3670    142.9     38.15
3671    142.9     43.6
3672    142.9     49.05
3673    142.9     54.5
3674    142.9     59.95
3675    142.9     65.4
3676    142.9     70.85
3677    142.9     76.3
3678    142.9     81.75
3679    142.9     87.2
3680    142.9     92.65
3681    142.9     98.1
3682    142.9     103.55
3683    142.9     109
3684    142.9     114.45
3685    142.9     120
3686    142.9     125.45
3687    142.9     130.9
3688    142.9     136.35
3689    142.9     141.8
3690    142.9     147.25
3691    142.9     152.7
3692    142.9     158.15
3693    142.9     163.6
3694    142.9     169.05
3695    142.9     174.5
3696    142.9     179.95
3697    142.9     185.4
3698    142.9     190.85
3699    142.9     196.3
3700    142.9     201.75
3701    142.9     207.2
3702    142.9     212.65
3703    142.9     218.1
3704    142.9     223.55
3705    142.9     229
3706    142.9     234.45
3707    142.9     240
3708    142.9     245.45
3709    142.9     250.9
3710    142.9     256.35
3711    142.9     261.8
3712    142.9     267.25
3713    142.9     272.7
3714    142.9     278.15
3715    142.9     283.6
3716    142.9     289.05
3717    142.9     294.5
3718    142.9     299.95
3719    142.9     305.4
3720    142.9     310.85
3721    142.9     316.3
3722    142.9     321.75
3723    142.9     327.2
3724    142.9     332.65
3725    142.9     338.1
3726    142.9     343.55
3727    142.9     349
3728    142.9     354.45
3729    146.03    0
3730    146.03    6
3731    146.03    12
3732    146.03    18
3733    146.03    24
3734    146.03    30
3735    146.03    36
3736    146.03    42
3737    146.03    48
3738    146.03    54
3739    146.03    60
3740    146.03    66
3741    146.03    72
3742    146.03    78
3743    146.03    84
3744    146.03    90
3745    146.03    96
3746    146.03    102
3747    146.03    108
3748    146.03    114
3749    146.03    120
3750    146.03    126
3751    146.03    132
3752    146.03    138
3753    146.03    144
3754    146.03    150
3755    146.03    156
3756    146.03    162
3757    146.03    168
3758    146.03    174
3759    146.03    180
3760    146.03    186
3761    146.03    192
3762    146.03    198
3763    146.03    204
3764    146.03    210
3765    146.03    216
3766    146.03    222
3767    146.03    228
3768    146.03    234
3769    146.03    240
3770    146.03    246
3771    146.03    252
3772    146.03    258
3773    146.03    264
3774    146.03    270
3775    146.03    276
3776    146.03    282
3777    146.03    288
3778    146.03    294
3779    146.03    300
3780    146.03    306
3781    146.03    312
3782    146.03    318
3783    146.03    324
3784    146.03    330
3785    146.03    336
3786    146.03    342
3787    146.03    348
3788    146.03    354
3789    149.16    0
3790    149.16    6.31
3791    149.16    12.62
3792    149.16    18.93
3793    149.16    25.24
3794    149.16    31.55
3795    149.16    37.86
3796    149.16    44.17
3797    149.16    50.48
3798    149.16    56.79
3799    149.16    63.1
3800    149.16    69.41
3801    149.16    75.72
3802    149.16    82.03
3803    149.16    88.34
3804    149.16    94.65
3805    149.16    100.96
3806    149.16    107.27
3807    149.16    113.58
3808    149.16    120
3809    149.16    126.31
3810    149.16    132.62
3811    149.16    138.93
3812    149.16    145.24
3813    149.16    151.55
3814    149.16    157.86
3815    149.16    164.17
3816    149.16    170.48
3817    149.16    176.79
3818    149.16    183.1
3819    149.16    189.41
3820    149.16    195.72
3821    149.16    202.03
3822    149.16    208.34
3823    149.16    214.65
3824    149.16    220.96
3825    149.16    227.27
3826    149.16    233.58
3827    149.16    240
3828    149.16    246.31
3829    149.16    252.62
3830    149.16    258.93
3831    149.16    265.24
3832    149.16    271.55
3833    149.16    277.86
3834    149.16    284.17
3835    149.16    290.48
3836    149.16    296.79
3837    149.16    303.1
3838    149.16    309.41
3839    149.16    315.72
3840    149.16    322.03
3841    149.16    328.34
3842    149.16    334.65
3843    149.16    340.96
3844    149.16    347.27
3845    149.16    353.58
3846    152.29    0
3847    152.29    7.05
3848    152.29    14.1
3849    152.29    21.15
3850    152.29    28.2
3851    152.29    35.25
3852    152.29    42.3
3853    152.29    49.35
3854    152.29    56.4
3855    152.29    63.45
3856    152.29    70.5
3857    152.29    77.55
3858    152.29    84.6
3859    152.29    91.65
3860    152.29    98.7
3861    152.29    105.75
3862    152.29    112.8
3863    152.29    120
3864    152.29    127.05
3865    152.29    134.1
3866    152.29    141.15
3867    152.29    148.2
3868    152.29    155.25
3869    152.29    162.3
3870    152.29    169.35
3871    152.29    176.4
3872    152.29    183.45
3873    152.29    190.5
3874    152.29    197.55
3875    152.29    204.6
3876    152.29    211.65
3877    152.29    218.7
3878    152.29    225.75
3879    152.29    232.8
3880    152.29    240
3881    152.29    247.05
3882    152.29    254.1
3883    152.29    261.15
3884    152.29    268.2
3885    152.29    275.25
3886    152.29    282.3
3887    152.29    289.35
3888    152.29    296.4
3889    152.29    303.45
3890    152.29    310.5
3891    152.29    317.55
3892    152.29    324.6
3893    152.29    331.65
3894    152.29    338.7
3895    152.29    345.75
3896    152.29    352.8
3897    155.43    0
3898    155.43    8
3899    155.43    16
3900    155.43    24
3901    155.43    32
3902    155.43    40
3903    155.43    48
3904    155.43    56
3905    155.43    64
3906    155.43    72
3907    155.43    80
3908    155.43    88
3909    155.43    96
3910    155.43    104
3911    155.43    112
3912    155.43    120
3913    155.43    128
3914    155.43    136
3915    155.43    144
3916    155.43    152
3917    155.43    160
3918    155.43    168
3919    155.43    176
3920    155.43    184
3921    155.43    192
3922    155.43    200
3923    155.43    208
3924    155.43    216
3925    155.43    224
3926    155.43    232
3927    155.43    240
3928    155.43    248
3929    155.43    256
3930    155.43    264
3931    155.43    272
3932    155.43    280
3933    155.43    288
3934    155.43    296
3935    155.43    304
3936    155.43    312
3937    155.43    320
3938    155.43    328
3939    155.43    336
3940    155.43    344
3941    155.43    352
3942    158.57    0
3943    158.57    9.24
3944    158.57    18.48
3945    158.57    27.72
3946    158.57    36.96
3947    158.57    46.2
3948    158.57    55.44
3949    158.57    64.68
3950    158.57    73.92
3951    158.57    83.16
3952    158.57    92.4
3953    158.57    101.64
3954    158.57    110.88
3955    158.57    120
3956    158.57    129.24
3957    158.57    138.48
3958    158.57    147.72
3959    158.57    156.96
3960    158.57    166.2
3961    158.57    175.44
3962    158.57    184.68
3963    158.57    193.92
3964    158.57    203.16
3965    158.57    212.4
3966    158.57    221.64
3967    158.57    230.88
3968    158.57    240
3969    158.57    249.24
3970    158.57    258.48
3971    158.57    267.72
3972    158.57    276.96
3973    158.57    286.2
3974    158.57    295.44
3975    158.57    304.68
3976    158.57    313.92
3977    158.57    323.16
3978    158.57    332.4
3979    158.57    341.64
3980    158.57    350.88
3981    161.73    0
3982    161.73    10.9
3983    161.73    21.8
3984    161.73    32.7
3985    161.73    43.6
3986    161.73    54.5
3987    161.73    65.4
3988    161.73    76.3
3989    161.73    87.2
3990    161.73    98.1
3991    161.73    109
3992    161.73    120
3993    161.73    130.9
3994    161.73    141.8
3995    161.73    152.7
3996    161.73    163.6
3997    161.73    174.5
3998    161.73    185.4
3999    161.73    196.3
4000    161.73    207.2
4001    161.73    218.1
4002    161.73    229
4003    161.73    240
4004    161.73    250.9
4005    161.73    261.8
4006    161.73    272.7
4007    161.73    283.6
4008    161.73    294.5
4009    161.73    305.4
4010    161.73    316.3
4011    161.73    327.2
4012    161.73    338.1
4013    161.73    349
4014    164.89    0
4015    164.89    13.35
4016    164.89    26.7
4017    164.89    40.05
4018    164.89    53.4
4019    164.89    66.75
4020    164.89    80.1
4021    164.89    93.45
4022    164.89    106.8
4023    164.89    120
4024    164.89    133.35
4025    164.89    146.7
4026    164.89    160.05
4027    164.89    173.4
4028    164.89    186.75
4029    164.89    200.1
4030    164.89    213.45
4031    164.89    226.8
4032    164.89    240
4033    164.89    253.35
4034    164.89    266.7
4035    164.89    280.05
4036    164.89    293.4
4037    164.89    306.75
4038    164.89    320.1
4039    164.89    333.45
4040    164.89    346.8
4041    168.08    0
4042    168.08    17.16
4043    168.08    34.32
4044    168.08    51.48
4045    168.08    68.64
4046    168.08    85.8
4047    168.08    102.96
4048    168.08    120
4049    168.08    137.16
4050    168.08    154.32
4051    168.08    171.48
4052    168.08    188.64
4053    168.08    205.8
4054    168.08    222.96
4055    168.08    240
4056    168.08    257.16
4057    168.08    274.32
4058    168.08    291.48
4059    168.08    308.64
4060    168.08    325.8
4061    168.08    342.96
4062    171.32    0
4063    171.32    30
4064    171.32    60
4065    171.32    90
4066    171.32    120
4067    171.32    150
4068    171.32    180
4069    171.32    210
4070    171.32    240
4071    171.32    270
4072    171.32    300
4073    171.32    330
